100 100
100 200
200 200
200 100

100 150
150 200
200 150
150 100

1 10
5 20
60 10
55 1

1 10
50 20
60 10
55 1

1 10
5 20
60 10
10 1


1 10
10 20
60 10
50 1

10 20 
15 10 
20 10
60 20

10 20
20 10
40 10
50 20

10 20 
50 10 
55 10 
60 20

10 10 
15 20 
20 20
60 10

10 10
20 20
40 20
50 10

10 10 
50 20 
55 20 
60 10

10 20 
20 30 
60 20 
20 10

10 10 
20 20
30 10 
20 1

10 1 
20 20
30 20 
20 1

10 1 
20 20
90 20 
20 1

10 1 
70 20
90 20 
70 1

10 20 
50 30 
60 20 
50 10

10 10
10 20
20 20
20 10

10 20 
20 20 
20 10
10 10 

10 20 
10 10 
20 10 
20 20

10 10
20 10
20 20 
10 20

10 10
10 20
20 30
20 10

10 20 
20 30 
20 10
10 10 

10 20 
10 10 
20 10 
20 30

10 10
20 10
20 30 
10 20

10 10
10 20
20 30
20 1

10 20 
20 30 
20 1
10 10 

10 20 
10 10 
20 1 
20 30

10 10
20 1
20 30 
10 20

10 10
10 30
20 20
20 10

10 30 
20 20 
20 10
10 10 

10 30 
10 10 
20 10 
20 20

10 10
20 10
20 20 
10 30

10 1
10 30
20 20
20 10

10 30 
20 20 
20 10
10 1 

10 30 
10 1 
20 10 
20 20

10 1
20 10
20 20 
10 30

-1 -1